0 0.8566919191919192 0.30938123752495006 0.1527777777777778 0.13173652694610777
0 0.8560606060606062 0.3073852295409181 0.16161616161616163 0.13572854291417163
0 0.8573232323232324 0.30938123752495006 0.15909090909090912 0.13572854291417163
0 0.859848484848485 0.311377245508982 0.14646464646464646 0.12375249500998003
0 0.9027777777777779 0.2834331337325349 0.0 0.0
0 0.7847222222222223 0.27644710578842313 0.06944444444444445 0.03792415169660678
0 0.8560606060606062 0.30938123752495006 0.14393939393939395 0.1277445109780439
0 0.8573232323232324 0.31037924151696605 0.14646464646464646 0.12574850299401197
0 0.8541666666666667 0.31037924151696605 0.14520202020202022 0.12574850299401197
0 0.7083333333333334 0.4231536926147704 0.0 0.0
0 0.7285353535353536 0.4081836327345309 0.03787878787878788 0.02994011976047904
